# x | y | dy
0.100619 1.17521 0
0.103135 1.17581 0
0.105713 1.17297 0
0.108356 1.15946 0
0.111065 1.15148 0
0.113841 1.14633 0
0.116687 1.14283 0
0.119605 1.14036 0
0.122595 1.13858 0
0.125659 1.13728 0
0.128801 1.13632 0
0.132021 1.1356 0
0.135322 1.13506 0
0.138705 1.13466 0
0.142172 1.13335 0
0.145726 1.13235 0
0.14937 1.13227 0
0.153104 1.13271 0
0.156931 1.13343 0
0.160855 1.13432 0
0.164876 1.13528 0
0.168998 1.13627 0
0.173223 1.13727 0
0.177554 1.13769 0
0.181992 1.1377 0
0.186542 1.13787 0
0.191206 1.13815 0
0.195986 1.13849 0
0.200886 1.13885 0
0.205908 1.13923 0
0.211055 1.13942 0
0.216332 1.13814 0
0.22174 1.13724 0
0.227284 1.13659 0
0.232966 1.13613 0
0.23879 1.1358 0
0.24476 1.13556 0
0.250879 1.13682 0
0.257151 1.13827 0
0.263579 1.13967 0
0.270169 1.14099 0
0.276923 1.14225 0
0.283846 1.14321 0
0.290942 1.14393 0
0.298216 1.14467 0
0.305671 1.1454 0
0.313313 1.14612 0
0.321146 1.14758 0
0.329174 1.14929 0
0.337404 1.1509 0
0.345839 1.15239 0
0.354485 1.1543 0
0.363347 1.15675 0
0.372431 1.15902 0
0.381741 1.16112 0
0.391285 1.16344 0
0.401067 1.16587 0
0.411094 1.16811 0
0.421371 1.1702 0
0.431905 1.17254 0
0.442703 1.1747 0
0.453771 1.17669 0
0.465115 1.17879 0
0.476743 1.18081 0
0.488661 1.18268 0
0.500878 1.18392 0
0.5134 1.18495 0
0.526235 1.1859 0
0.539391 1.18616 0
0.552875 1.18639 0
0.566697 1.18654 0
0.580865 1.18658 0
0.595386 1.18662 0
0.610271 1.18633 0
0.625528 1.18604 0
0.641166 1.18568 0
0.657195 1.18529 0
0.673625 1.18489 0
0.690466 1.18445 0
0.707727 1.18405 0
0.72542 1.18369 0
0.743556 1.18339 0
0.762145 1.18319 0
0.781198 1.18311 0
0.800728 1.18318 0
0.820747 1.18323 0
0.841265 1.18328 0
0.862297 1.18322 0
0.883854 1.18317 0
0.905951 1.18317 0
0.928599 1.18305 0
0.951814 1.18286 0
0.97561 1.18255 0
1 1.18213 0
1.025 1.18164 0
1.05062 1.18105 0
1.07689 1.18033 0
1.10381 1.17945 0
1.13141 1.17839 0
1.15969 1.17718 0
1.18869 1.17571 0
1.2184 1.17404 0
1.24886 1.17227 0
1.28008 1.17036 0
1.31209 1.16834 0
1.34489 1.16629 0
1.37851 1.16432 0
1.41297 1.16252 0
1.4483 1.16093 0
1.48451 1.15938 0
1.52162 1.15792 0
1.55966 1.15669 0
1.59865 1.15568 0
1.63862 1.15483 0
1.67958 1.15413 0
1.72157 1.15361 0
1.76461 1.15333 0
1.80873 1.15335 0
1.85394 1.15368 0
1.90029 1.15432 0
1.9478 1.15524 0
1.9965 1.15646 0
2.04641 1.15805 0
2.09757 1.15998 0
2.15001 1.16235 0
2.20376 1.16535 0
2.25885 1.16886 0
2.31532 1.17279 0
2.37321 1.17721 0
2.43254 1.18207 0
2.49335 1.18744 0
2.55568 1.19325 0
2.61957 1.19939 0
2.68506 1.20584 0
2.75219 1.21253 0
2.821 1.2197 0
2.89152 1.22818 0
2.96381 1.23794 0
3.0379 1.24872 0
3.11385 1.25974 0
3.1917 1.27101 0
3.27149 1.28245 0
3.35328 1.29405 0
3.43711 1.30584 0
3.52304 1.31795 0
3.61111 1.33043 0
3.70139 1.34336 0
3.79392 1.35671 0
3.88877 1.37052 0
3.98599 1.38482 0
4.08564 1.39963 0
4.18778 1.4152 0
4.29248 1.43172 0
4.39979 1.44953 0
4.50978 1.4693 0
4.62253 1.49095 0
4.73809 1.51461 0
4.85654 1.54031 0
4.97796 1.56843 0
5.10241 1.59945 0
5.22997 1.63378 0
5.36072 1.67337 0
5.49473 1.71727 0
5.6321 1.76493 0
5.77291 1.81659 0
5.91723 1.87267 0
6.06516 1.93339 0
6.21679 1.9987 0
6.37221 2.06892 0
6.53151 2.14367 0
6.6948 2.22192 0
6.86217 2.30299 0
7.03372 2.38696 0
7.20957 2.47376 0
7.38981 2.56336 0
7.57455 2.65564 0
7.76392 2.75208 0
7.95801 2.85351 0
8.15696 2.9603 0
8.36089 3.07315 0
8.56991 3.19236 0
8.78416 3.31698 0
9.00376 3.44546 0
9.22886 3.57616 0
9.45958 3.70644 0
9.69607 3.83383 0
9.93847 3.9563 0
10.1869 4.07042 0
10.4416 4.17427 0
10.7026 4.26521 0
10.9702 4.34231 0
11.2445 4.40686 0
11.5256 4.46049 0
11.8137 4.50532 0
12.1091 4.54267 0
12.4118 4.57304 0
12.7221 4.5971 0
13.0401 4.61534 0
13.3661 4.6282 0
13.7003 4.6355 0
14.0428 4.63769 0
14.3939 4.63429 0
14.7537 4.62474 0
15.1226 4.60867 0
15.5006 4.58562 0
15.8881 4.55546 0
16.2853 4.51837 0
16.6925 4.47425 0
17.1098 4.42354 0
17.5375 4.36691 0
17.976 4.30528 0
18.4254 4.23997 0
18.886 4.17262 0
19.3581 4.10508 0
19.8421 4.03936 0
20.3382 3.97693 0
20.8466 3.91856 0
21.3678 3.86447 0
21.902 3.81413 0
22.4495 3.76715 0
23.0108 3.72334 0
23.586 3.68252 0
24.1757 3.64474 0
24.7801 3.60967 0
25.3996 3.57691 0
26.0346 3.54571 0
26.6854 3.51518 0
27.3526 3.4846 0
28.0364 3.45321 0
28.7373 3.42048 0
29.4557 3.38636 0
30.1921 3.3511 0
30.9469 3.31483 0
31.7206 3.27783 0
32.5136 3.23995 0
33.3264 3.20116 0
34.1596 3.16139 0
35.0136 3.12069 0
35.8889 3.0791 0
36.7862 3.03667 0
37.7058 2.99357 0
38.6484 2.94984 0
39.6147 2.90568 0
40.605 2.86128 0
41.6202 2.81685 0
42.6607 2.77255 0
43.7272 2.72853 0
44.8204 2.68502 0
45.9409 2.64208 0
47.0894 2.59995 0
48.2666 2.55871 0
49.4733 2.51836 0
50.7101 2.47883 0
51.9779 2.44011 0
53.2773 2.40218 0
54.6092 2.36507 0
55.9745 2.32883 0
57.3738 2.29346 0
58.8082 2.25896 0
60.2784 2.22529 0
61.7854 2.1924 0
63.33 2.16026 0
64.9132 2.12887 0
66.5361 2.09818 0
68.1995 2.06815 0
69.9045 2.03872 0
71.6521 2.00986 0
73.4434 1.98154 0
75.2795 1.95371 0
77.1614 1.92632 0
79.0905 1.89937 0
81.0677 1.87284 0
83.0944 1.84672 0
85.1718 1.821 0
87.3011 1.79565 0
89.4836 1.77067 0
91.7207 1.74601 0
94.0137 1.72168 0
96.3641 1.69766 0
98.7732 1.67394 0
